10
    1    7    0    2    6    0    0    8    6    7
    7    5    5    7    3    6    4    7    0    5
    1    3    3    2    8    8    0    3    7    7
    1    9    1    9    4    0    9    3    1    3
    0    4    1    8    0    1    6    4    2    8
    0    8    0    0    0    9    0    7    5    8
    1    7    5    8    6    5    0    6    7    7
    1    3    0    6    8    9    5    2    8    4
    0    9    3    2    6    3    4    7    3    9
    4    4    2    3    2    4    1    5    7    9
