100
71 30
52 64
79 19
77 61
43 76
78 7
96 83
18 46
61 96
80 78
21 78
70 77
65 84
100 42
69 47
45 7
13 12
80 9
39 20
8 84
5 31
53 50
96 44
97 76
79 67
48 73
36 10
88 41
94 37
44 51
38 91
72 64
93 62
42 6
88 87
77 45
50 86
76 53
92 73
19 41
91 6
52 98
66 56
78 74
5 9
18 92
8 39
11 81
29 8
68 44
52 85
97 33
19 89
73 82
4 96
8 4
1 69
49 84
59 94
17 97
1 48
50 51
93 5
30 25
59 79
94 48
50 55
61 54
25 41
28 92
95 69
23 93
32 10
7 2
58 79
28 3
56 32
28 33
42 8
100 15
44 27
50 90
81 29
73 72
1 63
97 10
12 59
32 24
23 75
60 27
99 3
14 70
57 93
47 22
40 57
86 26
34 31
35 73
73 16
1000
43 68
12 5
98 35
96 29
44 79
35 10
72 86
2 32
2 60
34 16
77 79
47 72
2 14
83 6
87 73
64 27
55 50
95 80
15 1
68 93
96 69
54 37
24 35
72 11
58 62
86 13
25 60
56 63
37 3
58 78
51 49
47 23
31 62
7 88
11 46
47 57
63 12
4 87
33 61
82 86
84 51
41 78
78 66
88 1
59 25
63 40
46 92
19 39
33 61
17 4
55 46
3 11
77 100
42 84
2 22
11 88
17 46
84 71
13 22
66 42
49 12
48 73
62 87
90 47
21 79
75 18
83 30
66 30
13 54
59 15
57 76
43 85
89 43
81 62
78 7
74 35
29 23
93 19
8 19
74 63
49 25
15 36
6 78
20 84
96 21
77 33
42 85
75 85
27 14
83 39
93 52
51 16
71 43
13 89
14 75
94 38
67 86
52 75
1 20
9 27
90 74
51 52
23 13
7 36
52 8
21 1
46 40
94 10
87 83
55 55
31 44
81 64
20 23
86 68
17 39
35 4
10 15
71 51
84 23
49 22
83 51
11 64
96 3
58 32
40 83
99 53
28 15
74 71
47 76
98 60
74 70
57 50
12 69
57 76
31 83
19 70
32 45
52 54
73 26
58 86
33 8
56 84
98 82
19 29
86 59
53 13
62 98
92 88
100 90
64 32
91 58
43 44
8 69
23 16
77 47
63 64
19 48
74 12
50 36
69 47
65 65
98 100
40 62
16 29
23 57
78 93
9 19
52 46
13 77
90 4
77 54
4 48
92 23
30 67
17 74
88 72
13 63
64 11
39 50
60 76
73 78
19 94
53 35
89 19
48 3
99 91
15 86
66 8
96 76
35 41
50 91
46 92
49 96
63 48
59 3
16 18
91 85
39 34
9 80
1 45
6 53
78 60
2 36
94 5
15 80
32 92
22 86
19 31
92 88
91 27
72 12
32 35
61 38
24 78
85 27
47 43
77 14
41 11
17 45
90 87
83 31
100 40
24 57
93 56
53 36
28 80
18 23
14 95
12 22
92 54
8 52
89 73
46 46
83 55
13 8
14 93
77 55
46 70
70 7
62 69
39 15
34 51
10 29
26 57
20 51
93 53
25 31
100 34
92 88
80 21
11 72
85 49
19 2
14 31
92 38
26 15
54 77
54 99
29 78
90 65
5 64
12 33
6 43
61 63
91 54
95 48
4 34
77 72
78 50
79 37
44 55
95 75
95 49
15 98
27 69
85 57
32 26
65 13
39 68
58 37
13 36
70 92
53 44
25 67
67 3
48 65
100 62
86 70
57 35
26 33
26 50
50 56
12 31
1 77
32 88
89 72
26 1
32 22
92 1
20 27
43 92
63 56
54 68
22 61
27 18
81 6
21 25
78 76
2 96
3 74
15 85
55 22
90 94
89 21
23 59
11 37
13 73
96 15
19 81
37 47
89 54
55 33
73 45
24 21
4 68
85 16
37 45
69 81
61 35
35 86
20 21
5 68
24 32
55 12
31 13
70 66
24 77
7 42
16 16
98 83
63 18
96 80
68 54
49 83
93 22
43 28
26 44
67 82
71 77
78 81
44 74
70 96
5 99
76 77
54 94
69 41
74 45
15 6
98 100
22 98
32 28
71 73
55 32
19 30
94 45
38 18
34 80
91 53
2 7
88 95
61 87
63 66
72 75
57 98
38 72
24 39
20 6
59 60
92 47
42 51
79 2
39 86
96 44
99 93
82 64
50 67
81 54
64 18
41 58
68 26
17 61
96 54
96 81
32 42
90 96
73 73
55 35
19 11
46 84
64 10
4 11
50 79
29 5
16 43
9 74
26 22
88 60
89 34
94 57
93 86
75 43
10 15
99 63
48 81
21 19
65 38
24 65
61 30
90 4
17 81
49 27
43 83
20 63
61 7
40 15
34 76
41 1
6 83
32 27
30 50
76 67
90 50
94 20
39 34
19 64
25 56
81 49
64 69
7 66
78 39
60 12
24 5
56 34
72 72
19 98
1 38
88 51
33 57
60 44
21 19
43 52
57 84
69 97
67 6
60 65
14 38
73 80
19 83
53 58
78 68
74 73
29 25
55 93
97 11
63 87
29 25
56 84
85 70
21 56
62 83
11 60
50 48
93 30
56 35
39 43
51 45
53 73
17 57
94 19
93 2
42 69
65 10
25 28
41 6
92 38
92 52
13 51
75 54
29 49
54 98
91 6
77 65
58 49
99 45
43 54
39 58
28 92
17 42
87 6
13 76
83 79
33 30
39 40
88 80
88 98
17 24
55 20
98 81
37 75
41 62
59 26
60 47
50 32
54 6
49 90
49 51
39 45
93 99
82 31
93 87
68 19
31 79
49 6
15 33
83 56
45 47
22 65
92 76
29 41
27 100
87 1
52 92
51 26
14 4
55 28
2 79
67 27
63 42
59 40
87 53
35 19
43 3
30 100
75 93
86 49
72 35
49 17
86 48
54 39
71 54
92 38
37 95
76 15
65 8
44 47
29 58
75 22
2 94
1 65
60 81
33 62
6 38
53 62
71 58
30 29
71 23
48 70
26 15
79 52
72 86
31 4
16 58
34 44
18 53
75 94
2 66
79 63
30 48
88 16
85 50
5 65
53 48
96 32
5 58
60 84
100 96
18 40
81 49
85 97
25 72
12 22
69 11
29 10
27 20
11 8
63 40
52 46
91 30
32 38
18 83
95 34
49 75
75 36
12 19
47 14
86 11
92 86
32 17
83 40
64 23
52 18
100 36
87 93
90 35
71 98
17 85
57 100
1 74
39 23
57 42
86 58
98 92
14 25
73 27
35 65
89 38
8 81
46 31
74 59
88 92
48 29
62 1
12 59
23 57
21 85
23 83
12 17
90 2
100 79
80 21
76 74
34 61
51 80
12 10
19 19
57 95
19 45
21 6
25 62
61 3
100 58
71 96
81 7
27 92
91 90
49 19
91 31
14 4
19 52
63 46
76 76
100 2
59 64
68 14
53 38
47 3
25 28
23 24
92 68
2 75
46 1
86 80
61 80
26 91
22 83
27 1
44 61
55 35
66 6
87 79
50 92
96 64
18 33
59 97
93 69
45 31
49 57
1 100
62 38
50 61
42 12
84 26
67 31
92 79
55 91
69 93
65 7
2 8
67 63
13 38
75 5
16 4
100 5
14 17
67 2
50 65
27 32
75 62
32 67
12 85
64 42
12 86
41 39
47 67
35 60
82 55
74 97
10 99
22 92
54 8
41 41
71 71
100 82
100 38
76 80
51 65
51 81
23 30
19 26
92 93
51 16
17 48
73 93
52 87
57 68
56 86
47 5
41 59
52 58
14 73
77 6
77 99
91 36
17 34
33 77
82 46
19 77
29 4
99 67
3 5
68 85
63 6
42 19
73 24
43 5
30 74
61 7
91 28
84 32
15 46
13 82
45 4
8 37
84 2
24 21
55 50
38 95
26 60
79 83
61 76
7 19
22 37
98 72
27 58
48 98
48 54
85 4
91 58
62 45
10 6
67 81
33 87
70 53
4 82
7 76
81 37
45 49
18 49
4 18
52 61
21 64
54 85
70 84
15 13
92 100
89 71
91 2
94 41
89 14
65 41
68 53
93 43
29 95
7 83
39 87
64 69
61 61
78 4
83 42
93 87
82 53
63 44
5 64
30 6
37 35
81 49
1 43
41 47
3 8
32 5
10 48
96 81
49 24
74 16
36 70
83 14
84 6
32 55
62 75
64 35
80 76
37 55
41 55
50 13
79 92
98 65
69 96
12 60
84 87
2 66
35 41
28 42
22 12
51 29
62 69
53 48
2 97
21 46
16 74
28 20
42 1
65 7
12 53
11 32
84 85
33 35
83 100
52 31
88 78
36 75
49 5
86 30
7 60
33 51
52 59
66 62
44 42
52 62
81 68
24 88
91 57
42 45
77 73
63 56
48 61
59 96
14 71
84 26
22 30
77 36
68 48
38 46
10 72
35 49
65 17
12 82
65 43
15 59
9 60
52 7
35 68
52 79
90 80
4 50
91 70
68 7
79 55
1 94
35 100
49 77
96 100
74 32
87 83
44 76
68 38
90 88
54 61
1 5
60 72
31 77
80 48
26 7
96 70
95 40
82 88
86 45
52 46
38 23
57 20
30 34
36 60
36 15
79 51
53 40
49 14
87 45
77 33
81 22
26 60
42 34
87 48
95 39
57 10
65 99
96 98
80 13
93 58
26 20
56 100
12 41
28 99
25 60
86 94
71 73
68 69
47 40
56 44
85 37
79 74
51 73
48 62
11 30
11 37
83 50
100 25
40 55
13 47
31 90
35 2
39 22
21 18
99 36
63 92
21 3
33 45
23 18
72 61
46 40
61 81
12 63
98 91
56 15
66 4
24 65
71 31
39 70
75 1
67 13
55 58
27 91
78 59
40 75
53 42
17 40
6 51
99 33
4 16
37 46
94 42
55 82
62 55
32 58
17 94
6 77
48 63
83 46
18 75
97 45
91 57
63 63
