50
6 1 37
25 1 323
31 1 268
40 1 126
46 1 91
11 2 81
19 2 111
22 2 85
47 2 55
4 3 252
18 3 163
26 3 16
35 3 156
40 3 34
41 3 225
9 5 14
20 5 239
37 5 70
50 5 140
15 6 112
22 6 179
26 6 27
47 6 139
19 7 26
49 7 85
21 8 202
48 8 220
13 9 47
14 9 266
22 9 205
25 9 11
33 9 181
40 9 305
13 10 149
42 10 304
24 11 56
27 11 253
30 11 193
37 11 141
19 12 323
28 12 57
29 12 278
31 12 273
47 14 315
27 16 242
30 16 94
31 16 77
41 16 2
46 17 276
29 18 40
34 18 6
47 18 287
50 18 317
20 19 172
41 19 90
22 20 111
24 20 168
39 20 65
24 22 92
29 23 207
30 24 169
35 24 163
37 24 125
38 24 115
29 25 136
37 25 19
41 25 132
42 26 181
44 26 81
45 26 184
30 28 326
31 28 113
40 28 143
32 29 130
33 29 134
39 29 69
41 29 330
35 30 237
34 31 84
36 31 229
46 31 122
45 32 101
47 32 163
36 33 73
44 33 22
44 34 234
40 35 279
40 36 59
45 36 128
46 39 46
41 40 237
43 40 311
45 41 140
50 43 93
46 44 283
47 44 269
50 46 140
