50
2 1 582
5 1 186
7 1 507
9 1 37
10 1 797
11 1 27
12 1 252
15 1 790
19 1 862
20 1 383
22 1 81
23 1 19
25 1 544
27 1 849
28 1 902
32 1 203
34 1 476
35 1 818
38 1 509
42 1 520
44 1 679
12 2 500
20 2 951
22 2 275
23 2 122
32 2 776
33 2 145
34 2 714
44 2 639
46 2 700
47 2 870
1 3 414
4 3 641
5 3 107
9 3 363
12 3 641
13 3 515
17 3 814
18 3 205
19 3 23
24 3 77
27 3 620
28 3 940
30 3 835
32 3 449
34 3 616
38 3 299
40 3 396
43 3 67
44 3 521
45 3 109
47 3 613
2 4 59
3 4 835
6 4 827
9 4 126
11 4 949
12 4 412
15 4 616
16 4 503
21 4 98
25 4 576
30 4 133
31 4 859
32 4 138
33 4 406
34 4 766
35 4 951
36 4 448
37 4 328
39 4 931
43 4 159
45 4 989
7 5 614
9 5 615
11 5 688
13 5 644
14 5 538
15 5 995
16 5 48
17 5 827
18 5 969
19 5 231
20 5 905
21 5 47
24 5 814
25 5 719
28 5 579
36 5 776
37 5 150
39 5 502
40 5 663
41 5 684
42 5 984
45 5 17
47 5 101
49 5 17
50 5 178
7 6 474
10 6 335
11 6 531
13 6 311
18 6 254
21 6 788
22 6 380
25 6 324
30 6 204
35 6 992
36 6 409
37 6 350
41 6 173
42 6 420
43 6 892
48 6 319
2 7 997
3 7 145
5 7 242
6 7 748
9 7 833
11 7 240
14 7 767
16 7 662
19 7 650
23 7 301
31 7 565
32 7 358
38 7 566
39 7 374
49 7 108
2 8 774
3 8 660
10 8 411
13 8 530
15 8 867
16 8 111
20 8 285
21 8 17
26 8 840
28 8 850
29 8 72
31 8 204
32 8 779
35 8 608
38 8 432
42 8 891
47 8 702
50 8 466
5 9 759
10 9 453
13 9 402
14 9 88
16 9 294
24 9 698
31 9 136
34 9 264
38 9 51
39 9 51
42 9 651
44 9 211
48 9 28
50 9 762
2 10 737
4 10 692
8 10 6
9 10 114
11 10 546
18 10 249
19 10 811
20 10 50
22 10 267
23 10 802
27 10 326
29 10 835
31 10 497
32 10 267
35 10 104
45 10 301
47 10 767
48 10 21
49 10 790
4 11 270
6 11 213
7 11 407
9 11 968
12 11 5
16 11 787
18 11 145
23 11 692
28 11 469
34 11 784
37 11 683
41 11 494
43 11 821
44 11 645
45 11 548
50 11 752
7 12 20
9 12 734
16 12 728
17 12 585
20 12 679
21 12 246
28 12 908
32 12 361
35 12 339
44 12 577
48 12 748
2 13 953
4 13 501
6 13 48
9 13 44
12 13 315
17 13 839
20 13 284
30 13 201
31 13 473
34 13 430
36 13 946
38 13 226
42 13 961
49 13 400
50 13 776
10 14 370
24 14 161
33 14 718
36 14 131
40 14 895
43 14 688
6 15 630
10 15 648
14 15 103
23 15 271
24 15 335
29 15 723
41 15 978
42 15 862
44 15 375
46 15 495
47 15 827
2 16 488
4 16 37
5 16 492
7 16 171
9 16 18
10 16 617
14 16 222
18 16 906
20 16 540
21 16 165
24 16 424
25 16 351
35 16 430
39 16 187
46 16 399
47 16 483
2 17 417
5 17 779
9 17 292
13 17 42
19 17 436
20 17 550
23 17 746
27 17 753
28 17 565
32 17 521
34 17 917
37 17 31
40 17 407
46 17 307
48 17 131
3 18 48
4 18 798
8 18 287
10 18 92
14 18 17
17 18 556
25 18 193
32 18 369
34 18 99
40 18 826
41 18 744
42 18 305
46 18 274
49 18 584
1 19 565
2 19 422
5 19 399
6 19 650
9 19 60
10 19 176
12 19 575
13 19 436
21 19 188
24 19 646
30 19 128
31 19 872
32 19 567
33 19 550
41 19 520
42 19 210
49 19 235
4 20 881
6 20 534
7 20 324
8 20 774
9 20 962
12 20 224
13 20 909
16 20 562
17 20 384
21 20 385
22 20 139
30 20 942
33 20 111
35 20 417
38 20 814
42 20 32
49 20 55
1 21 950
4 21 65
6 21 396
7 21 320
15 21 231
17 21 596
18 21 312
19 21 849
20 21 664
23 21 347
24 21 822
29 21 560
33 21 768
38 21 160
40 21 370
41 21 367
44 21 154
46 21 919
47 21 399
49 21 258
1 22 218
9 22 664
10 22 784
11 22 121
12 22 406
15 22 699
18 22 768
20 22 56
33 22 511
36 22 25
38 22 710
41 22 124
43 22 512
48 22 514
50 22 37
1 23 824
2 23 344
3 23 795
5 23 685
7 23 551
12 23 363
14 23 23
15 23 187
21 23 824
24 23 220
37 23 71
46 23 91
47 23 579
2 24 444
15 24 535
17 24 659
18 24 33
21 24 716
26 24 53
27 24 314
29 24 151
33 24 233
41 24 735
42 24 96
46 24 231
49 24 317
50 24 712
2 25 592
7 25 955
15 25 624
19 25 202
21 25 332
22 25 371
24 25 283
26 25 829
37 25 678
41 25 645
45 25 516
48 25 802
2 26 839
9 26 461
12 26 180
13 26 918
15 26 967
21 26 867
24 26 975
28 26 174
30 26 187
35 26 916
38 26 858
40 26 30
41 26 156
47 26 553
48 26 344
4 27 322
7 27 464
8 27 305
9 27 759
11 27 60
13 27 400
14 27 11
20 27 547
33 27 279
46 27 625
47 27 317
49 27 976
4 28 469
8 28 689
9 28 312
10 28 275
15 28 316
20 28 832
24 28 379
26 28 651
30 28 842
32 28 877
34 28 785
36 28 738
37 28 45
38 28 298
39 28 685
40 28 258
43 28 266
44 28 373
45 28 619
49 28 368
1 29 136
3 29 612
6 29 429
9 29 748
13 29 893
22 29 253
26 29 485
28 29 294
35 29 666
36 29 277
37 29 647
38 29 233
41 29 447
43 29 541
49 29 441
2 30 788
5 30 630
6 30 609
7 30 665
8 30 584
10 30 124
11 30 524
13 30 427
14 30 699
15 30 724
19 30 560
23 30 589
28 30 732
31 30 400
32 30 937
35 30 1
37 30 646
40 30 664
50 30 270
1 31 633
5 31 762
9 31 74
10 31 993
17 31 868
19 31 729
24 31 485
27 31 465
30 31 371
32 31 71
34 31 126
37 31 933
40 31 561
45 31 355
46 31 739
50 31 567
1 32 313
2 32 167
4 32 153
7 32 960
9 32 205
10 32 593
11 32 34
13 32 386
16 32 815
18 32 813
23 32 555
24 32 797
25 32 83
26 32 440
28 32 37
31 32 305
33 32 524
35 32 797
38 32 761
39 32 383
44 32 584
1 33 14
6 33 9
8 33 571
9 33 869
12 33 143
14 33 671
15 33 272
17 33 75
19 33 890
21 33 521
24 33 365
25 33 412
29 33 163
32 33 294
39 33 653
46 33 993
47 33 162
49 33 207
1 34 295
2 34 688
5 34 677
17 34 654
18 34 151
19 34 162
20 34 672
22 34 367
23 34 187
24 34 853
25 34 558
29 34 284
35 34 828
37 34 50
39 34 850
41 34 110
44 34 582
46 34 57
3 35 76
6 35 23
11 35 310
13 35 134
14 35 452
15 35 827
18 35 366
19 35 7
20 35 858
28 35 5
29 35 338
32 35 878
36 35 539
38 35 553
41 35 980
48 35 317
2 36 34
4 36 467
7 36 512
11 36 634
14 36 999
17 36 297
18 36 141
21 36 77
22 36 930
23 36 93
24 36 320
27 36 601
29 36 299
33 36 309
34 36 835
35 36 515
38 36 667
39 36 165
42 36 600
44 36 770
45 36 52
46 36 581
48 36 626
3 37 62
6 37 217
9 37 167
19 37 12
20 37 208
26 37 585
27 37 991
28 37 115
29 37 612
30 37 3
34 37 847
35 37 597
36 37 567
43 37 761
46 37 335
47 37 380
49 37 469
50 37 121
3 38 880
8 38 422
15 38 52
16 38 780
19 38 566
20 38 39
36 38 784
39 38 504
40 38 556
42 38 793
46 38 780
47 38 556
50 38 439
2 39 24
3 39 341
4 39 160
9 39 138
12 39 774
17 39 561
19 39 418
20 39 508
22 39 414
24 39 839
26 39 394
31 39 512
40 39 295
42 39 878
43 39 726
44 39 956
47 39 189
49 39 858
50 39 700
1 40 846
5 40 937
11 40 463
15 40 402
16 40 641
19 40 628
22 40 165
26 40 602
27 40 934
32 40 383
34 40 678
36 40 98
39 40 638
41 40 668
42 40 391
43 40 673
45 40 290
49 40 106
50 40 1000
3 41 174
4 41 166
6 41 935
9 41 502
11 41 655
13 41 241
15 41 994
17 41 41
19 41 135
20 41 758
22 41 825
27 41 989
28 41 984
34 41 585
38 41 748
43 41 728
44 41 937
1 42 552
3 42 118
9 42 523
16 42 219
20 42 544
21 42 71
25 42 483
30 42 563
32 42 613
33 42 542
40 42 32
46 42 367
47 42 459
49 42 54
3 43 535
6 43 348
9 43 780
13 43 956
14 43 237
17 43 185
18 43 681
19 43 788
20 43 273
25 43 464
26 43 321
29 43 47
36 43 78
37 43 813
39 43 141
40 43 715
42 43 84
49 43 236
1 44 401
2 44 646
5 44 833
10 44 590
12 44 362
13 44 783
15 44 549
18 44 276
20 44 808
22 44 204
23 44 904
25 44 243
26 44 290
33 44 494
37 44 155
38 44 252
41 44 454
45 44 232
46 44 534
47 44 103
48 44 128
49 44 592
2 45 388
6 45 231
7 45 912
8 45 155
9 45 253
10 45 731
14 45 334
15 45 405
17 45 749
19 45 19
22 45 14
23 45 896
24 45 263
26 45 278
28 45 915
29 45 78
30 45 610
31 45 379
36 45 227
38 45 464
39 45 34
41 45 702
43 45 14
44 45 924
47 45 608
1 46 175
4 46 235
10 46 831
13 46 650
25 46 693
29 46 887
33 46 33
34 46 1
37 46 726
39 46 877
41 46 444
43 46 972
49 46 346
2 47 349
6 47 996
7 47 59
9 47 798
10 47 425
11 47 781
21 47 158
22 47 846
31 47 252
33 47 779
34 47 501
44 47 254
49 47 804
3 48 407
11 48 531
13 48 906
14 48 626
20 48 951
24 48 526
28 48 771
29 48 58
35 48 352
41 48 536
50 48 840
1 49 494
2 49 414
3 49 757
7 49 429
9 49 886
10 49 395
11 49 837
13 49 65
20 49 448
21 49 237
22 49 627
24 49 405
27 49 654
28 49 8
30 49 813
32 49 4
38 49 262
41 49 236
44 49 265
45 49 290
47 49 552
2 50 614
5 50 333
6 50 191
12 50 156
17 50 136
18 50 34
22 50 71
24 50 930
28 50 388
31 50 895
34 50 830
35 50 851
46 50 689
